learning_rate = 0.005
batch_size = 64
num_epochs = 10
steps_per_epoch = 200
validation_steps = 50
workers = 2

3 layers with dropout .25 after l2

weight:       0.7374860956618465
final_IOU:    0.544297696961
final_score:  0.40141198341
