learning_rate = 0.0025
batch_size = 32
num_epochs = 25
#steps_per_epoch = 156  # 9987//64
#validation_steps = 39 # 2555//64
steps_per_epoch = 129  # 4131//32
validation_steps = 37 # 1184//32
workers = 2

loss: 0.0208 - val_loss: 0.0284

weight:      0.734375
final_IOU:   0.548995385137
final_score: 0.40316848596

