Udacity training data

learning_rate = 0.001
batch_size = 16
num_epochs = 50
#steps_per_epoch = 156  # 9987//64
#validation_steps = 39 # 2555//64
steps_per_epoch = 258  # 4131//16
validation_steps = 74 # 1184//16
workers = 2

loss: 0.0171 - val_loss: 0.0230

weight:      0.7479954180985109
final_IOU:   0.539647048985
final_score: 0.403653520031

