learning_rate = 0.005
batch_size = 64
num_epochs = 100
steps_per_epoch = 64  # 200
validation_steps = 18 # 50
workers = 2

weight:       0.7405345211581291
final_IOU:    0.549116587019
final_score:  0.406639788828

